479798972900: 5 5 2 2 5 2 7 90 700 9000 70000 900000 7000000 29 4000000000 1 2 5 5 2 1
123457145012: 1 2 5 2 5 2 5 5 2 2 2 5 5 20000 3000 400 50 6 145 1000 2 5 12
150000000007: 1000000000 2000000000 3000000000 4000000000 5000000000 2 5 1 1 1 1 1 1 1
969999903002: 9 90 900 9000 90000 900000 9000000 5 5 2 2 5 2 97 1 1 1 1
376000012340: 1 1 2 3 5 8 13 21 34 55 89 144 10 10 10 10 10 10 10 10 1234 2 5
590491237897: 3 2 2 2 3 3 5 3 3 5 3 3 3 5 3 3 123 2 2 5 5 2 5 700 80 9 5 2 7
863547424770: 2 2 7 2 2 7 2 2 2 2 7 2 2 2 2 7 2 2 7 7 7 2 2 2 2 2 2 2
111111111111: 11 1000 111 2 5 2 5 100 100 111 111000 1
131111111111: 1 1 1 1 1 1 1 1 1 1 1 1 1 1 1 1 1 1 1 1 1 1 1
200000000000: 323 423 4589 2 2 5 5 70000 1 1 1 1 1 1 1 1 1 1 1 1 51581115290
479798972903: 5 5 2 2 5 2 7 90 700 9000 70000 900000 7000000 29 4000000000 1 2 5 1 3
123457145017: 1 2 5 2 5 2 5 5 2 2 2 5 5 20000 3000 400 50 6 145 1000 2 5 1 7
150000000003: 1000000000 2000000000 3000000000 4000000000 5000000000 2 5 1 1 1
969999903004: 9 90 900 9000 90000 900000 9000000 5 5 2 2 5 2 97 1 1 1 1
376000012342: 1 1 2 3 5 8 13 21 34 55 89 144 10 10 10 10 10 10 10 10 1234 2
590491237890: 3 2 2 2 3 3 5 3 3 5 3 3 3 5 3 3 123 2 2 5 5 2 5 700 80 9 5 2
863547424771: 2 2 7 2 2 7 2 2 2 2 7 2 2 2 2 7 2 2 7 7 7 2 2 2 2 2 2 2 1
111111111118: 11 1000 111 2 5 2 5 100 100 111 111000 1 8
200000000001: 323 423 4589 2 2 5 5 70000 1 1 1 1 1 1 1 1 1 1 1 1 51581115291
555555555555: 5 5 5 5 5 5 5 5 5 5 5 5
131111111111: 1 1 1 1 1 1 1 1 1 1 1 1 1 1 1 1 1 1 1 1 1 1 1 1 
